0.957442 0.955802 0.955823 0.955079 0.954976 0.955654 0.954491 0.955119 0.955277 0.955500 0.954310 0.954485 0.954843 0.955178 0.955531 0.955352
0.935089 0.940306 0.935545 0.935184 0.935199 0.935536 0.935009 0.934709 0.935349 0.935459 0.935686 0.935529 0.934187 0.935335 0.935537 0.934089
0.949962 0.950537 0.952237 0.950473 0.949112 0.948159 0.949093 0.948609 0.948692 0.948879 0.948774 0.949287 0.949556 0.949742 0.950303 0.948953
0.811372 0.810370 0.808965 0.830399 0.814231 0.809621 0.815021 0.813584 0.820922 0.818881 0.822752 0.816914 0.818989 0.821907 0.821490 0.823057
0.955296 0.955609 0.954748 0.955185 0.957562 0.954192 0.956006 0.955673 0.954656 0.954776 0.955766 0.956224 0.954985 0.954179 0.955084 0.954922
0.935215 0.935329 0.935145 0.936168 0.935252 0.939487 0.935007 0.934443 0.935699 0.935132 0.935746 0.934808 0.935360 0.934817 0.934585 0.935552
0.948387 0.949292 0.948345 0.949767 0.950146 0.949173 0.952856 0.948685 0.948857 0.950501 0.949948 0.949991 0.949461 0.948547 0.949933 0.948478
0.814289 0.817337 0.818071 0.816317 0.810420 0.814550 0.813661 0.827617 0.824108 0.817606 0.817738 0.814849 0.817609 0.820447 0.813609 0.820246
0.956984 0.954811 0.954777 0.955251 0.955045 0.955560 0.955266 0.955002 0.955483 0.956284 0.955363 0.954830 0.955401 0.954966 0.955266 0.954575
0.935915 0.939093 0.935545 0.936721 0.935778 0.934597 0.934605 0.934001 0.935804 0.935515 0.935410 0.935949 0.934578 0.935500 0.933302 0.935434
0.949338 0.949605 0.952969 0.950058 0.949777 0.950235 0.951480 0.949449 0.948797 0.949020 0.949609 0.949040 0.949241 0.947560 0.947785 0.948408
0.815472 0.817717 0.817391 0.832716 0.815252 0.817494 0.820043 0.817108 0.810753 0.810574 0.816174 0.813071 0.819320 0.815268 0.822254 0.817870
0.955211 0.955297 0.955754 0.954457 0.957403 0.955478 0.954999 0.954751 0.955184 0.955476 0.955165 0.955308 0.954515 0.956043 0.955081 0.954740
0.935106 0.934917 0.935611 0.935102 0.934892 0.940628 0.934419 0.935627 0.934707 0.935202 0.935149 0.935827 0.935378 0.935142 0.935501 0.934540
0.949603 0.947929 0.949224 0.949144 0.949063 0.950030 0.952076 0.949739 0.950276 0.949151 0.950121 0.949245 0.948464 0.949989 0.949061 0.949253
0.816838 0.821046 0.818707 0.814549 0.814834 0.820644 0.816370 0.827433 0.815263 0.816372 0.815707 0.814929 0.816986 0.817751 0.817686 0.813359
